H: [-6.00000000e-01, -2.40000000e+00,  1.02000000e+03,
 3.78956126e-16, -6.00000000e+00,  1.80000000e+03,
 -0.00000000e+00, -4.00000000e-03,  1.00000000e+00]
bev_height: 1200
bev_width: 1200